-0.6121902 -0.21252836 0.09409756
-0.6154259 -0.23395848 -0.05584214
-0.60145915 -0.13299152 0.014510346
1.5207615 -0.24897604 0.5871274
0.053133484 0.6913678 1.21153
-0.60250616 -0.1334556 0.014618391
-0.6073541 -0.21702105 0.097580165
-0.5779152 -0.19524898 0.07475426
-0.0014126351 1.2397324 0.081884876
-0.5903412 -0.124258175 0.037623953
-0.5913636 -0.1246873 0.03789479
0.001399197 1.0377607 -0.38317326
0.05322566 0.69376373 1.2204494
1.5026472 -0.34374812 -0.035591718
-0.607378 -0.21705858 0.0979474
-0.6154259 -0.23395848 -0.05584214
0.0013943532 1.0305929 -0.37757525
-0.0014101885 1.2354511 0.081288695
-0.5903412 -0.12425818 0.03762395
-0.60630417 -0.21627414 0.09686929
-0.6121902 -0.21252836 0.09409756
-0.5969757 -0.1464419 0.027995372
-0.6073541 -0.21702105 0.097580165
1.5233997 -0.24983884 0.591452
-0.6132522 -0.21326487 0.09478656
0.5443238 0.69167906 -0.75216645
0.049271274 0.3989206 0.1383905
-0.030341443 1.060746 -0.41096452
-0.5903412 -0.12425818 0.03762395
-0.607378 -0.21705858 0.0979474
-0.59833974 -0.13161841 0.014195475
1.5000495 -0.3425651 -0.035333123
-0.60632795 -0.21631156 0.09723033
0.053041626 0.68898845 1.20274
-0.5913636 -0.1246873 0.03789479
1.5026472 -0.34374812 -0.035591718
-0.59904695 -0.14745687 0.028405555
-0.5956614 -0.2988686 -0.07803458
-0.5791652 -0.18177687 0.06857886
0.0013919431 1.0270461 -0.37483704
-0.61436194 -0.2331533 -0.05543875
0.51282316 0.07575948 -0.25901625
-0.0014126351 1.2397325 0.081884876
0.053041626 0.68898845 1.20274
-0.5789161 -0.18306479 0.0075187655
-0.02887254 1.0386211 -0.39120287
-0.5779152 -0.19524898 0.07475426
0.0125176925 1.0226516 -0.36376798
0.89713067 -0.89404833 -0.120853186
-0.6084317 -0.2178108 0.09867531
1.4397037 -0.32304344 -0.05070975
-0.5903412 -0.12425818 0.03762395
-0.57891774 -0.1959256 0.075304255
-0.60630417 -0.21627414 0.09686929
-0.5956614 -0.29886863 -0.07803457
1.5181324 -0.24811916 0.5828656
-0.07772541 -0.66185135 -0.36693105
-0.11467159 -0.76025605 -0.48803186
0.053318154 0.6961763 1.2295012
-0.07691311 -0.647977 -0.3504072
-0.60632795 -0.21631156 0.09723033
-0.609489 -0.21856824 0.09941433
1.5026472 -0.34374812 -0.035591718
-0.5969757 -0.1464419 0.027995372
0.025553638 0.36534148 0.09216075
-0.030236533 1.0534446 -0.40500277
1.4662178 0.2951074 -0.54311395
-0.56951094 0.04613611 0.49989927
-0.5969757 -0.1464419 0.027995372
-0.5791652 -0.18177687 0.06857886
-0.5969757 -0.1464419 0.027995372
-0.578164 -0.18115126 0.06808305
1.4662178 0.2951074 -0.54311395
-0.5913636 -0.1246873 0.03789479
-0.5993759 -0.13207297 0.014298919
-0.5811023 -0.19376463 0.0737426
-0.6084078 -0.21777311 0.09830165
-0.59669477 -0.29990432 -0.07860794
-0.13468385 -0.68952614 -0.45592523
-0.572766 -0.18802083 0.068736024
-0.5821086 -0.19443381 0.07428062
-0.010812875 1.0019982 -0.41167948
-0.02887254 1.0386211 -0.39120287
-0.5969757 -0.1464419 0.027995372
1.5026472 -0.34374812 -0.035591714
0.053133484 0.6913678 1.21153
-0.5791652 -0.18177687 0.06857886
-0.58092463 -0.1843336 0.0076309345
-0.6073541 -0.21702105 0.097580165
1.5207615 -0.24897604 0.5871274
1.4687613 0.29613006 -0.54711264
0.51193666 0.075498745 -0.25713697
1.4662178 0.2951074 -0.54311395
-0.572766 -0.18802083 0.068736024
-0.5993759 -0.13207296 0.01429892
-0.043103185 0.97662735 -0.32816324
1.5207615 -0.24897602 0.5871274
1.5207615 -0.24897604 0.5871274
-0.5993759 -0.13207296 0.014298921
-0.5993759 -0.13207296 0.01429892
-0.6154259 -0.23395848 -0.05584214
-0.5903412 -0.12425818 0.03762395
-0.5696658 -0.15966542 0.045348745
-0.114473 -0.7576305 -0.48446587
-0.010078191 1.0073788 -0.35368195
1.4322368 -0.31970808 -0.049599092
-0.028922543 1.042208 -0.39406183
0.053133484 0.6913678 1.21153
1.5260471 -0.25070766 0.5958409
-0.5946317 -0.29784003 -0.077469505
0.053133484 0.69136786 1.21153
-0.024763234 -0.4974767 -0.32990566
-0.59669477 -0.29990432 -0.07860794
0.012347799 1.0331024 -0.378425
1.5026472 -0.34374812 -0.035591714
-0.010850391 1.008943 -0.41773745
-0.046258733 0.9519099 -0.474637
-0.6143179 -0.2140065 0.09548564
-0.607378 -0.21705858 0.0979474
1.5207615 -0.24897604 0.5871274
-0.60630417 -0.21627414 0.09686929
-0.61436194 -0.2331533 -0.05543875
1.4687613 0.29613006 -0.54711264
-0.5903412 -0.12425818 0.03762395
-0.022276573 1.0644684 -0.384366
0.5137128 0.076022014 -0.26092324
-0.59833974 -0.13161841 0.014195476
-0.076495 -0.6533616 -0.35886467
-0.6084317 -0.2178108 0.09867531
1.4662178 0.2951074 -0.54311395
-0.6154259 -0.23395848 -0.05584214
-0.61219025 -0.21252836 0.09409756
-0.5993759 -0.13207296 0.014298921
0.05322566 0.69376373 1.2204494
-0.02223806 1.0608048 -0.38157427
-0.5913636 -0.1246873 0.03789479
-0.607378 -0.21705858 0.0979474
-0.5969757 -0.1464419 0.027995372
-0.0014077504 1.2311991 0.080701075
-0.61431795 -0.2140065 0.09548565
-0.60630417 -0.21627414 0.09686929
-0.0014077504 1.2311991 0.080701075
-0.07636253 -0.6511053 -0.35624138
-0.5969757 -0.1464419 0.027995357
-0.6154258 -0.2339585 -0.05584215
-0.61431795 -0.2140065 0.09548564
-0.58413184 -0.1957861 0.07538042
-0.010850391 1.008943 -0.41773745
-0.076495 -0.6533616 -0.35886467
0.053041626 0.68898845 1.20274
-0.59833974 -0.13161841 0.014195476
-0.1142751 -0.75502306 -0.48095158
-0.61219025 -0.21252836 0.09409756
1.5181323 -0.24811915 0.5828656
1.4662178 0.2951074 -0.54311395
1.505254 -0.34493935 -0.035854116
-0.1142751 -0.75502306 -0.48095158
-0.5791652 -0.18177687 0.06857886
-0.6154258 -0.2339585 -0.05584215
1.4636829 0.29409176 -0.53917336
-0.5811023 -0.19376464 0.07374261
1.5181324 -0.24811916 0.5828656
-0.60840774 -0.21777312 0.09830165
-0.572766 -0.18802083 0.068736024
1.505254 -0.34493935 -0.03585412
0.012369182 1.0366702 -0.38118953
-0.13468385 -0.68952614 -0.45592523
0.8955797 -0.89097136 -0.119975105
-0.57891774 -0.1959256 0.075304255
-0.60632795 -0.21631156 0.09723033
-0.56951094 0.04613611 0.49989927
-0.61219025 -0.21252836 0.09409756
-0.5676927 -0.1585626 0.044685572
0.049100913 0.39617476 0.13638031
1.437206 -0.32192397 -0.050333958
1.4322368 -0.31970808 -0.049599092
-0.5956614 -0.2988686 -0.07803458
1.5000495 -0.3425651 -0.03533312
-0.5969757 -0.1464419 0.027995372
-0.607378 -0.21705858 0.0979474
1.4636829 0.29409176 -0.53917336
-0.046258733 0.9519099 -0.474637
-0.60630417 -0.21627414 0.09686929
-0.0014101885 1.2354511 0.081288695
1.5000495 -0.3425651 -0.03533312
-0.6164935 -0.23476925 -0.0562514
-0.024720423 -0.49576458 -0.32751295
-0.578164 -0.18115126 0.06808305
-0.5977317 -0.30094725 -0.079189755
-0.5779152 -0.19524898 0.07475426
-0.0014126351 1.2397325 0.081884876
-0.5821086 -0.19443381 0.07428063
-0.024763234 -0.4974767 -0.32990566
-0.60632795 -0.21631156 0.09723033
-0.59136355 -0.1246873 0.037894793
0.053133484 0.69136786 1.21153
0.049032092 0.38512623 0.14481357
-0.13491711 -0.6919074 -0.45925874
-0.61756486 -0.23558567 -0.056666642
1.5000495 -0.3425651 -0.035333123
1.5207615 -0.24897604 0.5871274
1.5078698 -0.3461389 -0.03612045
-0.5779152 -0.19524898 0.07475427
-0.022276573 1.0644684 -0.38436598
0.8955797 -0.89097136 -0.119975105
-0.61436194 -0.23315328 -0.05543875
-0.5704972 0.046295445 0.50354946
1.5181324 -0.24811916 0.5828656
1.505254 -0.34493935 -0.035854127
-0.0014101885 1.2354511 0.081288695
-0.5789161 -0.18306479 0.0075187655
1.5207615 -0.24897604 0.5871274
-0.6164935 -0.23476925 -0.0562514
-0.099238016 -0.6394376 -0.3929677
-0.0014150902 1.2440436 0.0824898
-0.60145915 -0.13299152 0.014510346
-0.0014077504 1.2311991 0.080701075
-0.61219025 -0.21252836 0.09409756
-0.61113185 -0.21179694 0.09341843
-0.58017 -0.18240681 0.06908185
-0.5821087 -0.19443381 0.074280635
0.54338276 0.68929857 -0.74671125
0.54621565 0.6964897 -0.76331943
-0.5791652 -0.18177687 0.06857886
-0.1142751 -0.75502306 -0.4809516
-0.58092463 -0.1843336 0.0076309326
-0.028922543 1.042208 -0.39406183
-0.114473 -0.7576305 -0.4844659
-0.0014101885 1.2354511 0.081288695
1.505254 -0.34493935 -0.035854116
0.8955797 -0.89097136 -0.119975105
-0.1142751 -0.75502306 -0.48095158
-0.59833974 -0.13161841 0.014195475
-0.60250616 -0.1334556 0.014618391
-0.5789161 -0.18306479 0.007518766
1.4347172 -0.3208122 -0.04996379
0.049032092 0.38512623 0.14481357
1.5026472 -0.34374812 -0.035591714
-0.6084078 -0.21777311 0.09830165
-0.56951094 0.04613611 0.49989927
-0.56671125 -0.15801689 0.044361215
0.8955797 -0.89097136 -0.119975105
1.5233997 -0.24983884 0.591452
0.89713067 -0.89404833 -0.120853186
-0.5791652 -0.18177687 0.06857886
-0.61113185 -0.21179694 0.09341843
-0.60632795 -0.21631156 0.09723033
-0.5946317 -0.29784003 -0.077469505
1.4662178 0.2951074 -0.54311395
0.8955797 -0.89097136 -0.119975105
-0.114473 -0.7576305 -0.48446587
-0.60632795 -0.21631156 0.09723033
-0.61756486 -0.23558567 -0.056666642
-0.07759104 -0.65957355 -0.36426455
-0.6073541 -0.21702105 0.097580165
-0.59833974 -0.13161841 0.014195475
-0.61431795 -0.2140065 0.09548564
-0.56951094 0.04613611 0.49989927
-0.607378 -0.21705858 0.0979474
-0.099238016 -0.6394376 -0.3929677
-0.60630417 -0.21627414 0.09686929
-0.5769161 -0.194577 0.07421224
-0.0014101885 1.2354511 0.081288695
-0.022238068 1.0608048 -0.38157427
-0.053684156 0.44700515 0.10799996
0.5119366 0.075498745 -0.25713697
-0.5714869 0.046455882 0.5072532
-0.030288897 1.0570827 -0.40796188
-0.60145915 -0.13299152 0.014510346
-0.5779152 -0.19524898 0.07475426
1.5260471 -0.25070766 0.5958409
1.4636829 0.29409176 -0.53917336
1.5026472 -0.34374812 -0.035591714
-0.5789161 -0.18306479 0.007518766
-0.61219025 -0.21252836 0.09409756
0.8955797 -0.89097136 -0.119975105
1.4322368 -0.31970808 -0.049599092
-0.5956614 -0.29886863 -0.07803457
-0.022276573 1.0644684 -0.38436598
-0.61436194 -0.23315328 -0.05543875
-0.5821087 -0.19443381 0.074280635
1.4397037 -0.32304344 -0.05070975
-0.030288897 1.0570827 -0.40796188
-0.607378 -0.21705858 0.097947404
-0.1142751 -0.75502306 -0.4809516
-0.5811023 -0.19376464 0.07374261
-0.0014101885 1.2354511 0.081288695
-0.56951094 0.04613611 0.49989927
-0.13515115 -0.6943052 -0.46264142
-0.59833974 -0.13161841 0.014195475
-0.5799186 -0.183697 0.0075744106
-0.6154258 -0.2339585 -0.05584215
-0.5676927 -0.1585626 0.044685572
-0.6073541 -0.21702105 0.097580165
-0.046258733 0.9519099 -0.474637
-0.114473 -0.7576305 -0.48446587
0.032267094 0.520385 0.74587536
-0.58413184 -0.1957861 0.07538042
-0.60630417 -0.21627414 0.09686929
-0.5811781 -0.18304114 0.06959215
-0.5791652 -0.18177687 0.06857886
1.505254 -0.34493935 -0.03585412
-0.607378 -0.21705858 0.097947404
0.053133484 0.69136786 1.21153
-0.5704972 0.046295445 0.50354946
-0.046258733 0.9519099 -0.474637
1.5026472 -0.34374812 -0.035591714
-0.13491711 -0.6919074 -0.45925874
-0.61219025 -0.21252836 0.09409756
1.5207615 -0.24897604 0.5871274
-0.58413184 -0.1957861 0.07538042
-0.6154259 -0.23395848 -0.055842143
-0.60630417 -0.21627414 0.09686929
1.5000495 -0.3425651 -0.035333123
-0.5980095 -0.14694764 0.028198984
-0.022276573 1.0644684 -0.38436598
1.5181324 -0.24811916 0.5828656
-0.5799238 -0.19660693 0.07586238
-0.6084317 -0.2178108 0.09867531
-0.114473 -0.7576305 -0.4844659
-0.60630417 -0.21627414 0.09686929
-0.099238016 -0.6394376 -0.3929677
-0.5779152 -0.19524898 0.07475426
-0.61431795 -0.2140065 0.09548565
-0.0014077504 1.2311991 0.080701075
-0.5980095 -0.14694764 0.028198984
-0.0819114 -0.3123665 0.23019658
1.4636829 0.29409176 -0.53917336
0.898687 -0.8971466 -0.12174427
-0.5704972 0.046295445 0.50354946
0.053318154 0.6961763 1.2295012
-0.572766 -0.18802083 0.06873603
-0.5956614 -0.2988686 -0.07803458
0.8955797 -0.89097136 -0.119975105
1.4322368 -0.31970808 -0.049599096
0.5988674 0.14759561 0.3780749
0.90024877 -0.9002664 -0.12264859
-0.5969757 -0.1464419 0.027995374
-0.5980095 -0.14694764 0.028198985
-0.5717758 -0.18737374 0.06823766
-0.61436194 -0.2331533 -0.05543875
-0.5811023 -0.19376464 0.07374261
-0.5811781 -0.18304114 0.06959215
-0.61219025 -0.21252836 0.09409756
-0.607378 -0.21705858 0.0979474
-0.6084317 -0.2178108 0.09867531
1.505254 -0.34493935 -0.035854127
1.4662178 0.2951074 -0.54311395
-0.046419233 0.9585074 -0.48161978
-0.59904695 -0.14745687 0.028405555
0.012240349 1.0150898 -0.36431578
-0.13515115 -0.6943052 -0.46264142
-0.022276573 1.0644684 -0.384366
-0.07759104 -0.65957355 -0.36426455
0.025553638 0.36534148 0.09216075
-0.6154259 -0.23395848 -0.055842146
-0.5980095 -0.14694764 0.028198991
-0.13468385 -0.68952614 -0.45592523
0.012197962 1.0080786 -0.3589927
-0.030341443 1.060746 -0.41096452
1.5026472 -0.34374812 -0.035591718
0.0013943532 1.0305929 -0.37757525
-0.046419233 0.9585074 -0.48161978
0.012347799 1.0331024 -0.378425
-0.5980095 -0.14694764 0.028198991
0.89713067 -0.89404833 -0.12085319
-0.028922543 1.042208 -0.39406183
-0.6004157 -0.13253064 0.01440387
-0.5717758 -0.18737374 0.06823766
-0.60632795 -0.21631156 0.09723033
1.5026472 -0.34374812 -0.035591714
-0.0014126351 1.2397324 0.081884876
-0.609489 -0.21856824 0.09941433
-0.5956614 -0.2988686 -0.07803458
-0.076495 -0.6533616 -0.35886467
-0.5811781 -0.18304114 0.06959215
-0.6154259 -0.23395848 -0.055842146
-0.5969757 -0.1464419 0.027995372
-0.5789161 -0.18306479 0.0075187655
0.8955797 -0.89097136 -0.119975105
-0.6132522 -0.21326487 0.09478656
1.5078698 -0.3461389 -0.03612045
1.5078698 -0.3461389 -0.03612045
-0.114473 -0.7576305 -0.48446587
0.049271274 0.3989206 0.1383905
-0.046338845 0.9551973 -0.47810292
-0.59669477 -0.29990432 -0.07860793
-0.58193415 -0.18497463 0.007688369
-0.6073541 -0.21702105 0.09758017
1.4347172 -0.3208122 -0.04996379
-0.5946317 -0.29784003 -0.077469505
0.5978321 0.14708765 0.3753277
-0.61113185 -0.21179694 0.09341843
1.5207615 -0.24897604 0.5871274
-0.5956614 -0.2988686 -0.07803458
-0.607378 -0.21705858 0.097947404
-0.08219606 -0.31453902 0.233602
-0.59669477 -0.29990432 -0.07860794
-0.6073541 -0.21702105 0.09758017
-0.11467159 -0.76025605 -0.48803186
1.4636829 0.29409176 -0.53917336
-0.61219025 -0.21252836 0.09409756
-0.5769161 -0.19457701 0.07421224
-0.61219025 -0.21252836 0.09409756
-0.59136355 -0.1246873 0.03789479
1.4662178 0.2951074 -0.54311395
-0.60630417 -0.21627414 0.09686929
-0.59833974 -0.13161841 0.014195476
0.012369182 1.0366702 -0.3811895
-0.1349171 -0.6919074 -0.45925876
0.049100913 0.39617476 0.13638031
1.4322368 -0.31970808 -0.049599092
-0.60632795 -0.21631156 0.09723033
-0.5903412 -0.12425818 0.03762395
-0.5956614 -0.2988686 -0.07803458
-0.019208552 0.41495797 0.11868751
1.5026472 -0.34374812 -0.035591718
1.5000495 -0.3425651 -0.035333123
-0.5969757 -0.1464419 0.027995372
1.5207615 -0.24897604 0.5871274
-0.58110225 -0.19376464 0.0737426
-0.02223806 1.0608048 -0.38157427
-0.053684156 0.44700515 0.10799996
0.04867006 0.37621903 0.14326113
-0.61436194 -0.2331533 -0.05543875
-0.022276573 1.0644684 -0.38436598
-0.60840774 -0.21777312 0.09830165
1.5000495 -0.3425651 -0.035333123
-0.012999131 0.9912985 -0.34545565
0.014128451 0.42414814 0.12226591
-0.61756486 -0.23558567 -0.056666642
-0.59136355 -0.1246873 0.037894797
1.5260471 -0.25070766 0.5958409
0.8955797 -0.89097136 -0.119975105
1.5207615 -0.24897604 0.5871274
-0.099238016 -0.6394376 -0.3929677
-0.5779152 -0.19524898 0.07475426
0.012347799 1.0331024 -0.378425
-0.60632795 -0.21631156 0.09723033
-0.099238016 -0.6394376 -0.3929677
-0.60630417 -0.21627414 0.09686929
-0.010078191 1.0073788 -0.35368195
-0.099238016 -0.6394376 -0.3929677
-0.0014101885 1.2354511 0.081288695
1.4636829 0.29409176 -0.53917336
-0.010850391 1.008943 -0.41773745
-0.5799238 -0.19660693 0.07586238
0.053041626 0.68898845 1.20274
1.4662178 0.2951074 -0.54311395
1.5026472 -0.34374812 -0.035591714
-0.114473 -0.7576305 -0.48446587
-0.13515115 -0.6943052 -0.46264142
0.049271274 0.3989206 0.1383905
1.5207615 -0.24897604 0.5871274
-0.61219025 -0.21252836 0.09409756
1.4636829 0.29409176 -0.53917336
1.4322368 -0.31970808 -0.049599092
-0.022276573 1.0644684 -0.38436598
-0.59904695 -0.14745687 0.028405549
0.006129979 0.4167879 0.09883744
1.5181323 -0.24811915 0.5828656
1.4322368 -0.3197081 -0.04959909
-0.5799238 -0.19660693 0.07586238
-0.607378 -0.21705858 0.0979474
-0.5980095 -0.14694764 0.028198987
-0.58413184 -0.1957861 0.07538042
-0.60145915 -0.13299152 0.014510354
0.0127564585 1.0363984 -0.37014422
0.053133484 0.6913678 1.21153
-0.07759104 -0.65957355 -0.36426455
-0.61219025 -0.21252836 0.09409756
-0.58092463 -0.1843336 0.0076309345
-0.59136355 -0.1246873 0.03789479
0.0127564585 1.0363983 -0.37014422
-0.5977317 -0.30094725 -0.079189755
0.053041626 0.68898845 1.20274
0.012303555 1.0128757 -0.3605791
-0.60630417 -0.21627414 0.09686929
1.5260471 -0.25070766 0.5958409
-0.61113185 -0.21179694 0.09341843
-0.1142751 -0.75502306 -0.48095158
1.4687613 0.29613006 -0.54711264
-0.60630417 -0.21627414 0.09686929
-0.61219025 -0.21252836 0.09409756
-0.1142751 -0.75502306 -0.48095158
-0.6004157 -0.13253064 0.01440387
-0.6073541 -0.21702105 0.09758017
1.4347172 -0.3208122 -0.049963787
-0.59669477 -0.29990432 -0.07860793
0.012237529 1.0287577 -0.3708867
1.4636829 0.29409176 -0.53917336
-0.6073541 -0.21702105 0.097580165
-0.57891774 -0.1959256 0.075304255
-0.099238016 -0.6394376 -0.3929677
-0.0014126351 1.2397325 0.081884876
-0.59669477 -0.29990432 -0.07860793
0.0127564585 1.0363984 -0.37014422
-0.5791652 -0.18177687 0.06857886
1.4322368 -0.31970808 -0.049599092
-0.043103185 0.97662735 -0.32816324
-0.010812875 1.0019982 -0.41167948
0.053133484 0.69136786 1.21153
-0.60630417 -0.21627414 0.09686929
-0.59833974 -0.13161841 0.014195476
1.5000495 -0.3425651 -0.035333123
-0.0014077504 1.2311991 0.080701075
0.049032092 0.38512623 0.14481357
-0.028922541 1.042208 -0.39406183
0.053133484 0.69136786 1.21153
-0.046338845 0.9551973 -0.47810292
-0.5993759 -0.13207296 0.01429892
-0.6073541 -0.21702105 0.097580165
1.5181324 -0.24811916 0.5828656
-0.6154259 -0.23395848 -0.05584214
1.5181324 -0.24811916 0.5828656
-0.60632795 -0.21631156 0.09723033
-0.5969757 -0.1464419 0.027995372
-0.114473 -0.7576305 -0.48446587
-0.030288897 1.0570827 -0.40796188
-0.5821087 -0.19443381 0.074280635
-0.60250616 -0.1334556 0.014618391
0.54621565 0.6964897 -0.76331943
0.053133484 0.6913678 1.21153
1.5207615 -0.24897602 0.5871274
-0.5946317 -0.29784003 -0.077469505
-0.6073541 -0.21702105 0.09758017
1.4636829 0.29409176 -0.53917336
-0.572766 -0.18802083 0.06873603
-0.607378 -0.21705858 0.0979474
-0.59833974 -0.13161841 0.014195477
-0.572766 -0.18802083 0.068736024
-0.607378 -0.21705858 0.0979474
1.5181324 -0.24811916 0.5828656
-0.5993759 -0.13207296 0.01429892
-0.61113185 -0.21179694 0.09341843
1.4662178 0.2951074 -0.54311395
-0.5676927 -0.1585626 0.044685572
-0.6164935 -0.23476925 -0.0562514
-0.5903412 -0.12425818 0.03762395
-0.56951094 0.04613611 0.49989927
0.012369182 1.0366702 -0.3811895
-0.5704972 0.046295445 0.50354946
-0.5811023 -0.19376464 0.07374261
-0.61436194 -0.23315328 -0.05543875
-0.60632795 -0.21631156 0.09723033
1.5181324 -0.24811916 0.5828656
-0.61113185 -0.21179694 0.09341843
-0.61113185 -0.21179694 0.09341843
1.5207615 -0.24897604 0.5871274
-0.13515115 -0.6943052 -0.46264142
-0.099238016 -0.6394376 -0.3929677
0.053041626 0.68898845 1.20274
-0.07772541 -0.66185135 -0.36693105
0.053133484 0.69136786 1.21153
-0.59136355 -0.1246873 0.037894797
0.05322566 0.69376373 1.2204494
-0.61113185 -0.21179694 0.09341843
-0.6073541 -0.21702105 0.097580165
-0.6154259 -0.23395848 -0.055842143
-0.0014077504 1.2311991 0.080701075
-0.6084317 -0.2178108 0.09867531
-0.5811023 -0.19376464 0.07374261
-0.5811023 -0.19376464 0.07374261
-0.0014150902 1.2440436 0.0824898
-0.58193415 -0.18497463 0.007688369
1.5026472 -0.34374812 -0.035591714
-0.5980095 -0.14694764 0.028198985
1.5181324 -0.24811916 0.5828656
-0.5980095 -0.14694764 0.028198985
-0.5903412 -0.12425818 0.03762395
1.5233997 -0.24983884 0.591452
-0.5946317 -0.29784003 -0.077469505
0.8955797 -0.89097136 -0.119975105
-0.07691311 -0.647977 -0.3504072
-0.0014101885 1.2354511 0.081288695
-0.0014077504 1.2311991 0.080701075
-0.5769161 -0.194577 0.07421224
0.053318154 0.6961763 1.2295012
-0.61113185 -0.21179694 0.09341843
0.5443238 0.69167906 -0.75216645
-0.5821087 -0.19443381 0.074280635
1.5026472 -0.34374812 -0.035591718
-0.5980095 -0.14694764 0.028198987
0.05322566 0.69376373 1.2204494
-0.6004157 -0.13253064 0.01440387
1.5078698 -0.3461389 -0.03612045
1.5026472 -0.34374812 -0.035591714
-0.6154259 -0.23395848 -0.05584214
-0.099238016 -0.6394376 -0.3929677
-0.58017 -0.18240681 0.06908185
-0.5696658 -0.15966542 0.045348745
-0.5980095 -0.14694764 0.028198985
-0.61219025 -0.21252836 0.09409756
-0.5903412 -0.12425818 0.03762395
0.8955797 -0.89097136 -0.119975105
1.4636829 0.29409176 -0.53917336
-0.02887254 1.0386211 -0.39120287
1.4322368 -0.31970808 -0.049599092
0.012258741 1.0323105 -0.37359628
-0.5769161 -0.194577 0.07421224
-0.6073541 -0.21702105 0.09758018
1.4347172 -0.3208122 -0.04996379
-0.5980095 -0.14694764 0.028198987
-0.607378 -0.21705858 0.097947404
0.90024877 -0.9002664 -0.12264859
1.4687613 0.29613006 -0.54711264
0.90024877 -0.9002664 -0.12264859
0.54338276 0.68929857 -0.74671125
-0.60632795 -0.21631156 0.09723033
1.5233997 -0.24983884 0.591452
-0.609489 -0.21856824 0.09941433
-0.1142751 -0.75502306 -0.48095158
-0.1349171 -0.6919074 -0.45925876
-0.5717758 -0.18737373 0.06823766
-0.61219025 -0.21252836 0.09409756
-0.07759104 -0.65957355 -0.36426455
-0.59833974 -0.13161841 0.014195476
1.5260471 -0.25070766 0.5958409
1.4636829 0.29409176 -0.53917336
-0.5993759 -0.13207297 0.014298919
-0.0108316 1.0054586 -0.41468638
-0.6164935 -0.23476925 -0.0562514
0.54338276 0.68929857 -0.74671125
1.5260471 -0.25070766 0.5958409
-0.07636253 -0.6511053 -0.35624138
-0.5821086 -0.19443381 0.07428062
1.505254 -0.34493935 -0.03585412
1.5000495 -0.3425651 -0.035333123
-0.5811023 -0.19376464 0.07374261
1.4636829 0.29409176 -0.53917336
0.012369182 1.0366702 -0.38118953
-0.57276595 -0.18802083 0.06873603
0.0127564585 1.0363983 -0.37014422
-0.03039417 1.0644346 -0.41401166
-0.030288897 1.0570827 -0.40796188
-0.61436194 -0.23315328 -0.055438746
-0.60632795 -0.21631156 0.09723033
-0.5789161 -0.18306479 0.0075187664
0.012258741 1.0323105 -0.37359628
-0.03039417 1.0644346 -0.41401166
-0.5821087 -0.19443381 0.074280635
1.5233997 -0.24983884 0.591452
1.4636829 0.29409176 -0.53917336
-0.59136355 -0.1246873 0.03789479
0.012734406 1.0328315 -0.3674599
-0.60840774 -0.21777312 0.09830165
1.5181324 -0.24811916 0.5828656
1.4687613 0.29613006 -0.54711264
-0.56951094 0.04613611 0.49989927
-0.5811023 -0.19376464 0.07374261
-0.02887254 1.0386211 -0.39120287
0.05322566 0.69376373 1.2204494
-0.041578747 0.39145926 0.13946827
-0.13515115 -0.6943052 -0.46264142
1.5181324 -0.24811916 0.5828656
1.4687613 0.29613006 -0.54711264
-0.5811023 -0.19376464 0.07374261
-0.1142751 -0.75502306 -0.4809516
-0.13515115 -0.6943052 -0.46264142
-0.59833974 -0.13161841 0.014195474
-0.58193415 -0.18497463 0.007688369
-0.03039417 1.0644346 -0.41401166
-0.58193415 -0.18497463 0.007688369
-0.6073541 -0.21702105 0.097580165
1.4636829 0.29409176 -0.5391733
-0.1349171 -0.6919074 -0.45925876
-0.0014101885 1.2354511 0.081288695
-0.5696658 -0.15966542 0.045348745
1.5000495 -0.3425651 -0.035333123
-0.114473 -0.7576305 -0.48446587
-0.022276573 1.0644684 -0.38436598
1.5026472 -0.34374812 -0.035591714
0.90024877 -0.9002664 -0.12264859
-0.5704972 0.046295445 0.50354946
-0.60250616 -0.1334556 0.014618391
-0.5980095 -0.14694764 0.028198987
-0.6154259 -0.23395848 -0.05584214
0.053133484 0.6913678 1.21153
-0.02223806 1.0608048 -0.38157427
-0.5903412 -0.12425818 0.03762395
1.5181324 -0.24811916 0.5828656
-0.6084317 -0.2178108 0.09867531
-0.60145915 -0.13299152 0.014510346
-0.022276573 1.0644684 -0.38436598
-0.60145915 -0.13299152 0.014510354
0.053133484 0.6913678 1.21153
1.5026472 -0.34374812 -0.035591718
1.5207615 -0.24897602 0.5871274
-0.59136355 -0.1246873 0.037894793
-0.030288897 1.0570827 -0.40796188
-0.03039417 1.0644346 -0.41401166
1.437206 -0.32192397 -0.050333958
-0.5969757 -0.1464419 0.027995372
0.5137128 0.076022014 -0.26092324
1.5233997 -0.24983884 0.591452
1.5026472 -0.34374812 -0.035591714
-0.0036726124 0.9976894 -0.35096058
-0.0014126351 1.2397324 0.081884876
1.5181324 -0.24811916 0.5828656
-0.5980095 -0.14694764 0.028198985
0.012237548 1.0287577 -0.37088674
-0.5799238 -0.19660693 0.07586238
-0.028922541 1.042208 -0.39406183
-0.046419233 0.9585074 -0.48161978
-0.6073541 -0.21702105 0.09758017
-0.5946317 -0.29784003 -0.0774695
1.4347172 -0.3208122 -0.049963795
-0.60630417 -0.21627414 0.09686929
-0.5946317 -0.29784003 -0.0774695
-0.5769161 -0.194577 0.07421224
0.012258741 1.0323105 -0.37359628
-0.61756486 -0.23558567 -0.056666642
-0.114473 -0.7576305 -0.48446587
-0.1142751 -0.75502306 -0.4809516
-0.114473 -0.7576305 -0.48446587
1.437206 -0.32192397 -0.050333958
1.5026472 -0.34374812 -0.035591714
-0.5980095 -0.14694764 0.028198985
-0.5903412 -0.12425818 0.03762395
-0.5969757 -0.1464419 0.027995374
-0.030341443 1.060746 -0.41096452
1.5026472 -0.34374812 -0.035591718
-0.114473 -0.7576305 -0.48446587
1.4347172 -0.3208122 -0.049963795
-0.58092463 -0.1843336 0.0076309326
0.048627432 0.3692232 0.14852956
-0.61436194 -0.2331533 -0.055438746
-0.09940988 -0.6416459 -0.3958422
1.4347172 -0.3208122 -0.04996379
-0.022276573 1.0644684 -0.384366
-0.60630417 -0.21627414 0.09686929
-0.6132522 -0.21326487 0.09478656
0.5137128 0.076022014 -0.26092324
-0.58092463 -0.1843336 0.0076309345
1.5207615 -0.24897604 0.5871274
-0.022276573 1.0644684 -0.38436598
-0.60632795 -0.21631156 0.09723033
-0.026528478 0.8872231 -0.49666777
-0.030288897 1.0570827 -0.40796188
-0.60632795 -0.21631156 0.09723033
-0.114473 -0.7576305 -0.48446587
-0.019208552 0.41495797 0.11868751
-0.5737596 -0.18867241 0.0692417
-0.58017 -0.18240681 0.06908185
-0.607378 -0.21705858 0.097947404
-0.60250616 -0.1334556 0.014618391
1.5181324 -0.24811916 0.5828656
0.053041626 0.68898845 1.20274
-0.61431795 -0.2140065 0.09548565
0.001399197 1.0377607 -0.38317326
-0.6073541 -0.21702105 0.097580165
-0.1142751 -0.75502306 -0.48095158
-0.61436194 -0.2331533 -0.055438746
0.012303555 1.0128757 -0.3605791
-0.07772541 -0.66185135 -0.36693105
-0.61436194 -0.2331533 -0.055438746
-0.6154258 -0.2339585 -0.05584215
-0.022276573 1.0644684 -0.384366
0.012347799 1.0331024 -0.378425
-0.5714869 0.046455882 0.5072532
-0.59669477 -0.29990432 -0.07860794
1.4322368 -0.31970808 -0.049599092
0.053041626 0.68898845 1.20274
-0.5791652 -0.18177687 0.06857886
-0.07772541 -0.66185135 -0.36693105
0.8955797 -0.89097136 -0.119975105
-0.5977317 -0.30094725 -0.079189755
-0.010812875 1.0019982 -0.41167948
-0.5903412 -0.124258175 0.037623953
-0.010060768 1.0039117 -0.35111523
1.4397037 -0.32304344 -0.05070975
-0.1142751 -0.75502306 -0.48095158
-0.6143619 -0.2331533 -0.055438746
-0.08219606 -0.31453902 0.233602
-0.609489 -0.21856824 0.09941433
-0.59669477 -0.29990432 -0.07860794
-0.1142751 -0.75502306 -0.48095158
0.053133484 0.69136786 1.21153
-0.6143179 -0.2140065 0.09548564
-0.5811781 -0.18304114 0.06959215
-0.028922543 1.042208 -0.39406183
-0.6154258 -0.2339585 -0.05584215
1.5207615 -0.24897602 0.5871274
1.5181324 -0.24811916 0.5828656
-0.61436194 -0.2331533 -0.055438746
-0.61113185 -0.21179694 0.09341843
1.4322368 -0.31970808 -0.049599092
-0.6154258 -0.2339585 -0.05584215
-0.5913636 -0.1246873 0.03789479
-0.13515115 -0.6943052 -0.46264142
-0.6084078 -0.21777311 0.09830165
-0.028922543 1.042208 -0.3940618
0.012734406 1.0328315 -0.3674599
-0.572766 -0.18802083 0.068736024
-0.59136355 -0.1246873 0.03789479
-0.5913636 -0.1246873 0.03789479
0.053133484 0.69136786 1.21153
-0.0108316 1.0054586 -0.41468638
0.053041626 0.68898845 1.20274
1.5026472 -0.34374812 -0.035591714
-0.59904695 -0.14745687 0.028405555
-0.6154259 -0.23395848 -0.05584214
-0.041578747 0.39145926 0.13946827
-0.61436194 -0.2331533 -0.055438746
-0.5704972 0.046295445 0.50354946
-0.607378 -0.21705858 0.0979474
0.8955797 -0.89097136 -0.119975105
0.001399197 1.0377607 -0.38317326
0.54621565 0.6964897 -0.76331943
-0.02223806 1.0608048 -0.38157427
0.053133484 0.6913678 1.21153
-0.59136355 -0.1246873 0.037894797
-0.5791652 -0.18177687 0.06857886
-0.028922543 1.042208 -0.3940618
0.8955797 -0.89097136 -0.119975105
1.5000495 -0.3425651 -0.035333123
0.032267094 0.520385 0.74587536
-0.60145915 -0.13299152 0.014510354
1.5260471 -0.25070766 0.5958409
-0.61431795 -0.2140065 0.09548565
0.053133484 0.69136786 1.21153
0.025553638 0.36534148 0.09216075
-0.0014150902 1.2440436 0.0824898
-0.6154258 -0.2339585 -0.05584215
-0.6084317 -0.2178108 0.09867531
-0.010812875 1.0019982 -0.41167948
-0.59136355 -0.1246873 0.03789479
-0.6073541 -0.21702105 0.097580165
-0.1142751 -0.75502306 -0.48095158
0.053133484 0.6913678 1.21153
-0.61436194 -0.2331533 -0.05543875
-0.6073541 -0.21702105 0.097580165
-0.0014101885 1.2354511 0.081288695
1.5260471 -0.25070766 0.5958409
-0.6164935 -0.23476925 -0.0562514
-0.6154259 -0.23395848 -0.05584214
-0.5821086 -0.19443381 0.07428063
-0.0014101885 1.2354511 0.081288695
1.5000495 -0.3425651 -0.035333123
-0.114473 -0.7576305 -0.48446587
-0.61219025 -0.21252836 0.09409756
-0.6164935 -0.23476925 -0.0562514
1.4397037 -0.32304344 -0.05070975
1.4636829 0.29409176 -0.53917336
-0.5980095 -0.14694764 0.028198985
-0.59136355 -0.1246873 0.037894797
-0.61219025 -0.21252836 0.09409756
-0.59833974 -0.13161841 0.014195475
1.4687613 0.29613006 -0.54711264
0.5988674 0.14759561 0.3780749
-0.61113185 -0.21179694 0.09341843
-0.07772541 -0.66185135 -0.36693105
-0.6073541 -0.21702105 0.09758017
-0.61113185 -0.21179694 0.09341843
0.0013919551 1.0270461 -0.374837
-0.5821087 -0.19443381 0.074280635
-0.6073541 -0.21702105 0.097580165
-0.6084317 -0.2178108 0.09867531
-0.60632795 -0.21631156 0.09723033
-0.0014101885 1.2354511 0.081288695
-0.1142751 -0.75502306 -0.48095158
-0.6164935 -0.23476925 -0.0562514
0.5797493 0.052641727 -0.242871
-0.5946317 -0.29784003 -0.077469505
0.51282316 0.07575948 -0.25901625
-0.56671125 -0.15801689 0.04436122
-0.6073541 -0.21702105 0.097580165
1.4662178 0.2951074 -0.54311395
1.5207615 -0.24897604 0.5871274
1.4662178 0.2951074 -0.54311395
0.012240349 1.0150898 -0.36431578
0.0125176925 1.0226516 -0.36376798
1.5181324 -0.24811916 0.5828656
-0.5799186 -0.183697 0.0075744083
-0.5696658 -0.15966542 0.045348745
1.5026472 -0.34374812 -0.035591714
-0.5737596 -0.18867241 0.0692417
-0.5799186 -0.183697 0.0075744083
0.012258741 1.0323105 -0.37359628
-0.5676927 -0.1585626 0.044685572
-0.61219025 -0.21252836 0.09409756
-0.59833974 -0.13161841 0.014195476
-0.59669477 -0.29990432 -0.07860794
-0.60630417 -0.21627414 0.09686929
-0.030288897 1.0570827 -0.40796188
-0.5969757 -0.1464419 0.027995372
0.5978321 0.14708765 0.3753277
0.5797493 0.052641727 -0.242871
1.4687613 0.29613006 -0.54711264
-0.56671125 -0.15801689 0.04436122
-0.6084317 -0.2178108 0.09867531
-0.5903412 -0.12425818 0.03762395
1.5026472 -0.34374812 -0.035591718
1.4662178 0.2951074 -0.54311395
-0.030288897 1.0570827 -0.40796188
-0.07691311 -0.647977 -0.3504072
-0.61113185 -0.21179694 0.09341843
-0.59904695 -0.14745687 0.028405549
0.053133484 0.69136786 1.21153
0.012496064 1.0191321 -0.3611298
-0.6154259 -0.23395848 -0.05584214
1.5207615 -0.24897604 0.5871274
-0.5769161 -0.194577 0.07421224
0.05322566 0.69376373 1.2204494
-0.5737596 -0.18867241 0.0692417
1.5207615 -0.24897604 0.5871274
-0.02887254 1.0386211 -0.39120287
-0.0014101885 1.2354511 0.081288695
1.5026472 -0.34374812 -0.035591718
0.89713067 -0.89404833 -0.12085319
-0.5791652 -0.18177687 0.06857886
-0.61219025 -0.21252836 0.09409756
1.505254 -0.34493935 -0.035854127
0.5978321 0.14708765 0.3753277
-0.6143179 -0.2140065 0.09548564
-0.5789161 -0.18306479 0.0075187664
-0.5977317 -0.30094725 -0.079189755
-0.5799186 -0.183697 0.0075744106
-0.6143179 -0.2140065 0.09548564
-0.5779152 -0.19524898 0.07475427
1.4662178 0.2951074 -0.54311395
1.505254 -0.34493935 -0.035854116
-0.59833974 -0.13161841 0.014195476
-0.61431795 -0.2140065 0.09548564
-0.572766 -0.18802083 0.068736024
0.012197962 1.0080786 -0.35899273
-0.030288897 1.0570827 -0.40796188
-0.5969757 -0.1464419 0.027995372
-0.6073541 -0.21702105 0.09758018
-0.5903412 -0.12425818 0.03762395
-0.02887254 1.0386211 -0.39120287
-0.13468385 -0.68952614 -0.45592523
-0.02887254 1.0386211 -0.39120287
-0.61431795 -0.2140065 0.09548564
-0.56951094 0.04613611 0.49989927
0.001399197 1.0377607 -0.38317326
-0.1142751 -0.75502306 -0.48095158
-0.6154258 -0.2339585 -0.05584215
-0.5714869 0.046455882 0.5072532
0.053133484 0.6913678 1.21153
-0.57276595 -0.18802083 0.06873603
-0.58092463 -0.1843336 0.0076309326
-0.59136355 -0.1246873 0.03789479
-0.61113185 -0.21179694 0.09341843
-0.61219025 -0.21252836 0.09409756
-0.607378 -0.21705858 0.097947404
0.898687 -0.8971466 -0.12174427
-0.578164 -0.18115126 0.06808305
-0.0014101885 1.2354511 0.081288695
1.4347172 -0.3208122 -0.049963787
-0.1349171 -0.6919074 -0.45925876
-0.61113185 -0.21179694 0.09341843
-0.5791652 -0.18177687 0.06857886
0.898687 -0.8971466 -0.12174427
-0.5980095 -0.14694764 0.028198985
1.5207615 -0.24897604 0.5871274
1.5000495 -0.3425651 -0.03533312
-0.59833974 -0.13161841 0.014195476
0.54621565 0.6964897 -0.76331943
-0.59833974 -0.13161841 0.014195476
-0.607378 -0.21705858 0.0979474
-0.07772541 -0.66185135 -0.36693105
1.5000495 -0.3425651 -0.03533312
-0.046258733 0.9519099 -0.474637
1.5000495 -0.3425651 -0.03533312
-0.11467159 -0.76025605 -0.48803186
0.053041637 0.6889884 1.2027398
-0.6164935 -0.23476925 -0.0562514
-0.60632795 -0.21631156 0.09723033
-0.60145915 -0.13299152 0.014510354
-0.1142751 -0.75502306 -0.48095158
-0.09940988 -0.6416459 -0.3958422
-0.5946317 -0.29784003 -0.0774695
-0.61219025 -0.21252836 0.09409756
-0.6073541 -0.21702105 0.097580165
-0.0014150902 1.2440436 0.0824898
-0.6164935 -0.23476925 -0.0562514
-0.60630417 -0.21627414 0.09686929
0.053318154 0.6961763 1.2295012
-0.5969757 -0.1464419 0.027995372
-0.59904695 -0.14745687 0.028405549
1.5181323 -0.24811915 0.5828656
-0.6073541 -0.21702105 0.097580165
-0.030288897 1.0570827 -0.40796188
-0.13515115 -0.6943052 -0.46264142
1.5207615 -0.24897604 0.5871274
1.5181324 -0.24811916 0.5828656
-0.13515115 -0.6943052 -0.46264142
-0.5946317 -0.29784003 -0.0774695
1.4687613 0.29613006 -0.54711264
