-18.562654 3.5620024 6.376777
3.2225423 1.3172839 19.629633
4.5214643 -7.8797793 -3.6614528
25.581778 3.262302 -11.171545
0.7992152 -8.825959 -23.694923
2.5523868 -13.300067 -0.952912
-5.744732 -23.770926 2.1645222
-15.7053385 -17.114536 1.8814139
1.6602699 9.775068 -14.948617
-22.99309 2.364728 -4.996162
-22.855919 -5.0508585 -5.702651
-10.079475 15.447315 -16.642277
4.3555155 -7.023972 -21.852695
3.5031 18.882475 2.1510136
13.60957 -10.413081 8.3734045
4.549192 0.8464453 11.385094
-11.383244 15.16632 -13.421933
-2.2794254 6.307296 -16.578184
-22.323317 -1.9439692 -1.856429
-4.7611003 -23.527555 -1.4110571
-18.96371 4.7268167 5.5113487
-15.252665 -14.013609 -9.552381
-6.506105 -22.2059 -4.5497165
30.40837 -4.17771 -13.729802
-16.549622 2.5578878 9.55001
8.170044 4.5405526 -9.044172
-5.059095 0.26238042 1.1806687
-1.0785064 1.2331992 -7.7228646
-23.849508 0.6840845 -2.4465334
21.026606 -14.638021 9.379639
7.254779 -10.635229 1.7501602
8.056547 24.545385 1.5168948
18.593727 -9.053294 12.233373
5.038585 -2.321581 -28.562048
-21.851791 -4.019897 -4.9762363
10.033084 27.95516 1.2451168
-12.971053 -11.244113 -10.322857
-11.017318 -11.126173 12.133585
-9.616885 -9.432496 0.29140097
-11.811453 17.418575 -15.258988
3.8499002 4.0372276 12.81737
14.456686 4.210068 -4.7456803
-2.0372908 11.002104 -15.422552
0.64368176 -6.397306 -26.484392
-5.7935524 7.2001853 6.9577985
-13.967241 6.5959997 -17.370342
-19.017689 -11.777882 4.969287
-4.3783145 8.315616 -10.15653
29.337435 13.005122 1.6130098
17.789433 -8.84756 8.302292
17.65575 14.699389 1.5730066
-27.37272 -1.8811035 -5.532757
-15.011161 -14.269902 3.563488
-8.110179 -28.538942 -2.077756
-14.067239 -12.254645 14.129069
22.856575 -0.3616368 -10.534191
-5.0668416 16.819344 23.96707
-6.836337 -2.1431506 24.37782
1.8129352 0.44661608 -24.993116
-4.078924 12.608004 21.669436
19.064463 -12.2260895 13.479325
20.640364 -17.291132 14.231739
6.442358 20.344677 6.4410367
-16.185339 -15.514122 -14.463438
-1.9364607 5.541539 3.8499386
-0.25412327 -1.0527662 -10.525323
17.746305 14.572967 -13.051403
2.78421 -13.718783 -14.661307
-15.118704 -16.686586 -11.512289
-7.000051 -9.706297 2.681823
-16.98945 -11.073272 -10.494287
-6.9939146 -11.969769 -1.0375977
15.447986 15.30894 -16.39882
-26.05385 3.078594 -2.380795
10.574128 -9.04664 1.7103183
-1.1717955 -23.036879 8.91719
-11.225976 -27.147865 -3.5475008
-7.1994166 -13.677419 14.404248
2.602273 17.797253 21.542946
-1.561027 -7.218124 6.990485
-0.2437656 -17.524794 9.798561
-2.6205728 10.527876 -4.2247047
-11.264532 5.4251223 -17.879492
-10.774846 -12.782417 -14.355815
6.098297 25.271463 8.755214
3.8769035 -1.3153279 -22.286596
-8.724037 -12.646601 1.5778992
-8.59431 8.50708 5.88216
0.012679083 -28.052958 0.5854065
30.192793 0.35630754 -9.382982
17.430222 17.21842 -7.7439556
11.835313 6.0083585 -2.9390907
12.191732 14.807241 -8.818136
-2.7085009 -6.9119377 8.052282
5.912038 -16.07987 -4.0927696
-9.752269 11.780289 -3.1646063
19.205072 -1.0317882 -11.774539
21.121479 -4.910965 -15.732047
11.403317 -16.400614 -2.3157456
11.2135935 -7.1160517 -3.2467084
3.2304077 5.1177588 20.138983
-25.09005 -2.3943334 -3.4610076
-12.499035 -7.3419514 6.4314847
-3.8652482 0.54241306 25.711641
1.3252944 10.271378 -9.186817
15.692672 11.0451765 3.7895505
-11.996141 8.080803 -19.309738
4.445396 -9.347042 -27.424324
28.782757 -7.7768207 -7.0552983
-10.976369 -14.172194 13.827819
-2.4306073 -5.5675206 -24.522207
8.35384 0.9503381 -3.58678
-8.473881 -8.151626 14.851977
-3.9215183 15.8600235 -12.885422
0.7096679 24.6153 -1.9289359
-3.2882004 13.781199 -2.2850857
-9.530632 19.879028 -7.234805
-22.016666 11.171918 13.1516695
14.458013 -16.444801 16.997702
22.897772 2.0277247 -7.356528
-6.883921 -26.616749 0.3072603
9.72491 5.9093137 11.444965
13.666305 21.68018 -8.150647
-22.311157 -0.75865257 -4.8302684
-14.881915 6.9140754 -4.743907
13.051093 2.2918525 -2.801685
10.347021 -13.250904 -2.8842404
-9.37909 3.005546 21.716293
12.076182 -9.33926 15.150893
13.42268 14.985644 -7.8149843
6.1156244 -1.7606394 16.435007
-22.414503 -0.88237995 12.147318
9.888802 -16.871061 -2.291162
0.32377324 -1.7857751 -30.111052
-15.546786 10.072335 -5.060648
-23.95488 -5.012932 -1.7488278
11.578519 -14.12231 10.378028
-13.894998 -13.719237 -12.541257
3.4284914 9.696173 -20.990969
-20.280025 4.315294 16.999468
-2.3102133 -25.482058 -0.21179025
2.934697 12.743205 -19.3999
-10.723393 5.115635 23.96472
-13.220138 -18.023973 -13.984529
5.8988485 4.277065 9.407719
-16.990532 9.875721 12.60676
2.3982074 -19.601706 6.896169
-4.4762588 12.545859 -3.0307786
-9.009785 4.78056 21.02314
3.6898208 -6.3218126 -26.083591
8.647716 -7.6988864 -0.97745365
-6.959014 0.63307303 29.735495
-24.835464 0.7646854 8.065865
25.69404 -0.18064596 -12.773657
16.60199 22.546398 -13.962233
0.36411512 21.828272 1.1708152
-3.276997 -2.3804095 29.176222
-3.2529151 -8.729906 -0.07089924
1.8867497 1.7434444 15.156689
17.783817 21.172653 -10.953434
-2.2264497 -20.070166 8.943295
29.115492 -0.21324031 -13.53095
-8.510058 -22.802635 -0.8318322
-0.59225494 -10.201917 8.36435
10.940337 25.26118 4.4753027
-5.4036593 18.364355 -12.48397
1.3621714 16.006506 19.612381
25.722513 14.1220045 -2.841025
-15.991309 -13.378113 4.9898343
14.083859 -15.526944 13.211238
0.28923032 -17.335619 -13.262846
-19.547346 -0.5075694 9.22049
-12.5293665 -2.7876453 3.3831713
-4.3444433 2.814848 -0.7911409
16.931248 10.880445 -1.298986
19.937809 12.057956 0.6856605
-9.388045 -11.046186 12.141509
5.660245 26.456125 0.7001132
-13.219159 -14.978884 -15.039227
14.18876 -7.3951025 11.050283
14.557654 16.414595 -13.102456
-11.073538 17.913368 -4.177166
-1.0858102 -27.483448 -2.9043474
-0.07049708 13.754112 -17.69231
2.7039957 25.021965 1.2331896
13.348555 1.7617506 16.100344
8.371317 1.2638409 -5.955783
-4.667674 -11.51678 1.1730952
-11.50546 -12.621367 19.949266
-21.325413 -13.446745 0.48388332
-3.208642 11.756309 -16.83637
5.5859485 -20.783651 10.872351
9.408267 0.08424763 -4.172568
16.74051 -13.973723 14.973979
-25.796593 -0.34169972 0.035537545
-0.057551395 -1.8289391 -22.696272
-5.3761527e-05 -0.09619758 2.5167613
6.0546684 17.560663 17.201197
10.217132 -0.09072072 10.616509
4.5148463 24.806175 -2.1192245
20.868025 -3.4545748 -15.899294
8.375138 20.28562 0.52046674
-16.363245 -14.394721 0.06442063
-15.09459 12.01065 -7.445101
26.89257 11.184615 -3.01162
7.537347 3.7924368 12.742599
1.8024538 -14.95628 -11.90169
28.207949 -2.5468504 -10.867897
0.991219 22.7314 6.9324517
-0.21777415 12.653322 -22.213657
-3.0805001 11.227993 8.351164
22.360569 -8.313946 -6.4779615
13.15503 1.5531585 18.031008
-7.7242155 17.137754 16.09902
3.9227812 7.442341 -18.071537
6.4605637 -6.7855544 -3.9339015
-1.2057754 10.893275 -19.483904
-18.71807 0.47948065 13.307862
-20.180626 2.7968106 10.380049
-3.670105 -13.079061 -1.6789209
-2.7083206 -22.75531 11.748283
12.27596 6.566587 -9.054057
8.2069645 7.7416544 -7.5172095
-6.1239266 -8.423834 2.2404253
-7.7050705 -5.0546045 30.94433
-4.050479 6.8426104 9.856409
-15.991268 6.883765 -19.715662
-4.9163947 -4.441158 26.890772
-0.7234204 14.283188 -19.06237
-0.29593933 21.785662 2.9749541
31.345755 10.093708 -1.5800613
-8.115962 -3.145708 28.41325
5.5811296 -8.067294 0.060156707
3.8466249 -11.384221 0.06695206
-6.191012 9.433096 8.799194
12.827167 10.052565 2.3770163
1.2838713 1.2244087 2.203622
2.6686568 30.997805 3.2967105
-10.705996 -28.18729 -5.120368
2.969674 -16.689611 -14.176332
-13.301144 -2.7954848 7.078759
28.365837 9.789995 -0.7481596
24.243097 -9.020836 -13.805606
30.5071 11.906364 1.325384
-9.930044 -12.471819 -2.1985607
-18.884396 4.676776 12.7813835
19.97221 -12.482076 16.691566
-11.177323 -10.146665 17.566055
19.455135 19.017733 -13.07505
28.662016 14.047566 -3.441194
-4.5414686 -4.228484 32.05493
12.14889 -10.797683 11.657484
9.440681 0.2982159 12.574848
-2.6304662 17.756231 22.749357
-5.1300197 -22.398178 -5.2058625
9.43552 -10.135611 -3.4665458
-16.69373 7.7678237 12.108115
0.80567884 -15.778162 -15.564451
15.6061945 -6.838521 11.274638
-5.750318 16.507504 14.2922735
-4.1305337 -25.891178 -4.2363186
-19.122084 -14.717518 5.9220304
-3.5016155 12.652573 -20.952015
-15.934541 8.6745405 -7.551664
-17.305288 0.039374646 -6.2670684
11.62437 4.003769 -4.55223
-0.25243068 -19.111069 -15.678393
0.7263414 2.181804 -10.994565
6.3368998 -8.939922 -4.218411
-21.271015 -15.044623 0.28667933
25.852915 -0.0091009615 -4.6945944
15.833307 15.27548 -10.099872
9.107043 29.158234 5.5333176
-7.680017 12.158422 10.4735775
-23.154425 11.189846 8.62212
26.548357 12.371024 -0.3392498
14.217209 13.066031 2.1038442
-14.657913 -11.004837 14.981045
-12.81287 9.461854 -6.6147494
4.749214 3.446034 17.088346
-2.9853356 -21.18482 12.042093
16.572084 16.06004 2.9086173
2.8144085 -0.8875716 -11.789065
16.558474 -14.727409 7.6922503
-6.252949 -2.0956955 30.414885
-0.575407 -18.953665 12.95488
-2.2349663 9.458561 -23.001904
1.5848305 -13.395342 -17.284994
2.5244668 13.307878 21.070917
7.4718227 -12.797676 -7.5322375
-7.935221 9.279125 11.885834
7.31302 3.7857037 9.092277
-10.882666 -2.5763958 8.866289
-1.3025731 -27.240063 -6.7117434
-9.825204 17.518797 -8.057077
-4.3560996 -2.7479906 32.885864
-7.9760823 -5.0593963 -22.286583
0.22848108 -19.580715 6.3213916
-5.317099 -25.495977 -7.330484
-6.17166 -9.342399 -5.38203
-7.3606267 -13.475851 1.8554138
10.74791 23.395683 5.0189443
20.827621 -9.110741 15.345602
1.2318304 -5.1271152 -20.43555
-2.1699803 -15.184109 -13.867628
-10.372581 16.275288 -5.9088044
1.9491385 27.242414 7.690091
7.029804 17.893236 18.429071
-23.9166 -0.8008607 12.143759
22.15486 -2.2534988 -4.2756715
1.549129 -21.354862 5.7873263
5.6353683 8.483682 16.254305
-3.719159 -29.091389 -4.4822288
5.21646 23.11116 0.9418276
-11.713807 -15.679301 -10.821123
-14.691235 11.533736 -8.886999
26.262691 -0.203374 -9.455451
-19.57846 -17.464117 3.9848332
19.263186 -10.019116 7.7556033
-5.3184896 -5.2260528 28.328793
-6.701472 -28.064985 -4.9067826
-4.1401663 19.589886 16.701277
-20.433825 -11.661981 4.200597
-21.198744 5.93595 15.833454
1.4941837 10.288205 -18.889706
-10.873477 -15.65308 -12.169111
3.7827175 -19.978811 -14.714875
13.543661 17.7042 -10.367467
29.200584 16.741348 -5.0475416
0.5350807 -14.101995 -12.29275
1.8121704 1.2173247 -27.11448
0.9354762 -8.478252 12.601883
-6.2892056 -10.755566 19.128437
30.801828 15.245632 -0.83111936
18.540945 8.687644 0.7303145
11.388261 0.010836041 -9.04084
26.998781 13.673303 -5.941535
-11.701025 -12.863522 -17.426537
-16.878412 -18.986898 -15.100566
-1.9544096 -8.565557 10.868873
6.1541247 5.3109927 14.993136
0.042585652 -20.684225 10.7873335
-5.374938 -10.533674 -3.812184
-23.494495 1.426518 16.023378
10.730078 -13.292175 14.214819
17.305363 -18.037106 10.378176
2.2508082 21.277662 6.707944
13.941942 13.101804 -11.925574
-12.415576 19.142681 -7.7742414
-11.647445 -10.894749 -11.751501
-8.126224 11.09631 -13.805952
2.4873514 14.629601 22.543196
-17.163233 9.932978 -10.489497
-4.085754 18.566463 25.953444
-3.247322 6.0553885 2.4418714
10.356808 9.076349 13.6116295
-11.172554 -16.739943 -17.185387
4.576475 19.376043 19.889244
-6.272304 11.96523 -7.930919
0.8507323 0.7912101 -7.6671333
6.240463 28.197336 -2.6825442
-12.774005 14.736482 -13.581268
-12.787653 17.383018 -7.185826
-3.441572 18.057842 -10.203757
-10.206281 -16.125614 -16.07382
28.720255 8.654981 -3.9002986
-12.854426 8.026744 -20.608583
8.245728 -14.125952 1.8963171
0.09209193 -7.110541 9.66615
15.826289 -10.498345 11.864013
8.360334 24.561676 -2.316146
1.6009933 11.700699 -15.593216
18.75047 -17.279516 15.39183
-12.8039 -7.6715894 18.761604
-7.667051 3.8691123 22.09287
-6.7768383 -11.5426235 -5.114297
8.980653 9.384303 14.187227
-17.23953 -12.524388 -15.69468
-9.073411 10.3138075 8.803558
27.75661 15.187697 -0.62128913
-15.762397 4.3178844 9.782042
8.273975 18.696924 2.0499501
9.296853 20.5893 2.4964726
-3.4962616 0.9766271 29.506277
-5.711414 0.445494 -0.6228664
-7.8145714 17.718946 -5.7918296
-13.206289 -15.832388 16.306442
-6.2855935 12.049916 7.5234265
-1.2448311 -23.929781 -4.465012
21.229607 9.595679 2.6870544
-9.451969 -9.016093 19.760178
14.017305 1.9152552 -8.145971
-22.23803 3.231197 6.9285054
19.627153 -6.531521 -11.84951
-13.688171 -7.8965936 17.409
21.624727 -8.847583 14.060063
1.4239277 -21.991411 -12.12818
-6.4595213 -13.820933 16.271568
-0.45561534 -30.893307 -4.192997
-8.028818 -3.669008 25.03185
15.474899 19.178967 -14.00619
-16.96174 8.155991 7.777941
-16.931366 -16.62583 5.313765
-19.169556 0.7879578 14.709469
-22.752958 0.22770993 -8.157249
9.463978 18.06231 -14.482155
-8.643393 -25.091444 -5.87326
9.76164 -11.332511 -0.63133
-2.6427553 14.594155 -10.700588
1.8030624 18.979807 18.429651
-5.907618 2.727974 0.91885585
17.491562 11.474338 1.901518
17.365505 -7.1820164 14.753407
-25.345636 0.42808953 -5.451916
-6.7544956 -11.911668 20.174517
-13.111114 -2.1118612 -7.109031
4.4241266 20.694872 -1.7702736
11.222787 23.883438 0.849926
-14.241629 -11.9177265 -14.980036
22.21261 2.539954 -8.572934
0.029237373 -22.061573 13.559051
-14.280159 8.600478 -9.801256
-16.965178 -0.6597849 -5.007851
-1.1122863 2.8112931 0.1636702
9.224357 5.8838506 15.224913
-12.703248 7.9778843 -7.124863
-9.895895 -23.790766 -1.805468
6.7833066 23.425455 4.307358
-9.600437 12.457364 -9.769341
-18.3877 3.1453598 -2.1521387
10.426748 1.922334 11.400825
-25.25974 -4.2360973 -8.807597
27.148277 1.2004395 -5.9905095
29.41957 12.557073 -1.4652448
24.67166 -1.2150728 -16.661505
-6.1118894 18.950031 14.9962225
-16.411854 -18.379065 2.5692074
-5.080728 16.17167 -10.67292
18.253294 -12.197553 10.438796
-3.526639 17.797373 14.786254
-6.0063486 -30.717922 -3.07806
-0.002885547 10.057526 -9.21573
-6.2653193 16.040327 18.301506
-4.4162927 11.394421 -20.449425
13.956432 18.40947 -7.3924475
-3.236489 13.459234 -4.124082
-20.325727 -19.393072 3.9075336
0.94659966 -6.7049456 -29.80627
13.846876 13.07988 -13.5150585
7.926233 23.119541 -2.2440794
-12.35506 -0.6678214 29.54585
4.067514 13.508056 22.237059
-3.8239746 0.29466078 -0.2685795
26.371132 -4.696671 -4.145935
-18.010239 9.047069 7.1449795
16.498186 18.124222 -11.404983
15.707125 8.790249 1.6157382
-18.204384 11.048628 -7.015517
-19.366722 -15.779911 -15.951601
0.5827486 -1.4804305 -1.8172107
30.470215 -5.0144787 -9.776423
18.04161 9.719471 3.9164658
-21.303179 -17.725199 5.177476
21.425129 -15.286637 10.704301
-19.678938 -11.077726 -13.2595415
0.90196973 -20.970308 7.7621446
10.806004 -12.124218 -5.8500953
-7.115601 6.757537 -5.708778
3.789088 -2.6497715 -21.452953
-4.6796584 20.412306 24.116121
-20.513884 0.033606876 8.182745
-8.884877 10.447819 5.662294
-25.224005 2.981841 -7.6364264
-8.553066 4.4075193 -4.061735
-12.473258 -13.032671 21.785145
0.19870718 -3.4053555 -25.899862
-9.864729 7.035518 -11.602622
-7.044545 -25.642162 -2.9073675
27.217094 -0.9701596 -6.0913224
-21.276154 7.1361938 7.0484614
-11.096011 -2.8425148 27.128693
18.817028 18.105274 -8.862032
-8.44037 -31.422626 -5.2114143
-22.22029 10.74015 7.510733
-8.966645 -5.8560696 27.764866
9.888583 -14.968028 1.1608034
-0.9576327 -32.043922 -3.3065324
19.914364 10.2130575 6.6415863
-14.2387295 -14.874237 17.740631
-11.023391 1.251332 -12.260686
14.411249 20.40762 -11.386893
-2.4167798 -27.862183 -7.5725713
-15.795265 -12.490389 3.2380526
-6.556914 14.792949 16.042671
-3.4479828 9.876675 -16.247427
-12.559164 -15.870295 18.221441
-5.7992163 6.3305216 -5.3909364
-8.992087 -13.774527 -2.473096
15.638227 9.821453 6.418504
-10.245432 11.874095 -1.9483515
-0.61375874 12.156813 -3.694868
6.9090996 -1.605003 -25.461433
-3.6277242 -28.15186 1.7079065
4.536594 -11.6690235 -5.690198
6.2673683 29.735798 1.4035627
-3.342901 8.348456 -19.177223
0.35326394 1.2002304 3.805842
-10.886982 2.6554496 -19.235746
-1.3633407 -2.7198722 -22.631903
-8.202682 18.610788 -4.6610928
5.2561216 -15.161579 -5.198067
-4.551315 -24.688454 2.462749
26.964415 -5.790763 -11.302122
4.2944503 0.28701824 19.299135
23.849941 -1.7471095 -7.58091
15.307962 -13.452452 11.006462
-14.705441 -17.351286 -17.164118
-11.862238 0.9354458 29.397814
-0.84694064 2.1376972 -11.269271
-0.10480762 -25.514248 10.722742
4.503559 -13.506389 0.236672
10.419791 8.512751 -7.504109
6.7530046 -5.3138456 -27.869604
18.903025 -2.4603107 -12.031168
-8.916896 -14.906468 19.478338
-1.3204083 -23.53653 -2.9819078
13.173192 18.388891 -16.489336
2.2675633 -8.647199 11.771169
14.79175 -11.349243 8.147093
7.010989 -10.613185 -1.5614827
0.57256067 -10.418118 9.403019
12.48719 -15.09329 9.6169615
20.27929 -1.3341852 -7.9632387
10.726465 -7.340268 -4.747725
-23.54418 2.5766785 10.924
18.757923 15.315623 -12.060131
-13.824241 -2.4822028 4.1275163
11.7336855 7.0825114 19.271944
-24.632307 -2.3105335 -6.2769923
-0.18830802 -13.076703 -15.080801
-2.2286339 15.541139 -9.67424
-2.4046803 -16.495565 -14.696661
2.807426 -19.979033 10.1238165
7.8166947 6.772036 20.896275
14.213479 -12.744114 17.353788
24.933846 -3.1962364 -10.458211
-22.302431 5.139397 9.6141205
-21.71717 3.2595813 13.396469
21.454731 -3.5327704 -4.5765967
6.730423 17.796486 21.914886
-6.4397874 18.6639 17.768635
1.7503396 -5.075736 -23.811579
-0.92487574 17.914179 25.04398
0.22315468 -6.2452784 -20.9712
-26.771627 -3.6849775 -8.957319
0.9116409 -3.3286364 -31.226025
-25.867294 5.0299582 9.630588
-6.9491224 -29.571367 3.5532532
6.4506226 8.433747 17.52479
-0.38758314 8.796043 -17.437237
16.250475 -18.423315 11.989226
3.9616232 -22.476145 8.410327
1.4236794 -24.265675 7.9461913
2.4892805 6.2705708 -16.781132
-5.468155 13.374986 6.1131763
8.455122 30.109537 4.5486107
-18.944044 -15.874455 -12.079759
25.238728 -5.572449 -16.132204
-16.90486 -9.1651745 -17.068703
-26.184355 -0.48488575 -8.45577
26.105309 -8.906001 -13.301736
-9.63229 -15.149878 16.47318
32.559635 12.847112 -1.4922531
-2.4359467 12.353575 22.547516
-0.9152165 6.2266903 -15.716455
-0.31011075 8.313936 -20.42804
-21.309109 -14.545397 3.6038003
3.7323759 0.5696308 -26.126774
-25.303743 6.444996 15.583248
8.170044 4.5405526 -9.044172
-0.0014689676 -25.138763 12.289534
3.0431833 21.170938 -1.372778
-20.240093 -12.485353 -13.748627
5.5660777 -7.6097164 -23.310102
10.023167 -13.289899 2.1777654
7.133708 20.508488 2.2843516
-0.45804045 28.198673 2.9788775
4.171804 6.2804284 19.891037
-4.2525053 17.155466 17.271254
-5.0772014 -14.165491 -2.570439
-12.824755 -5.6216106 5.3326178
-16.94781 -18.85723 -13.518882
-25.876825 1.8423601 7.854922
-29.291409 -3.9970162 -6.563168
31.774664 14.655709 -3.7512794
12.04257 15.605881 -15.226126
-10.989342 5.4221287 -20.912437
19.866753 12.262428 4.0022073
-10.692216 -1.1762334 -13.479146
-18.394394 -14.977856 2.811661
-10.4587965 -27.925934 0.82993424
20.736008 8.14201 3.23562
-14.765288 -15.315873 -20.13041
16.88743 -10.388157 18.69734
27.85334 11.529252 -6.2155333
17.374063 19.18727 -8.007604
26.97914 12.63942 -7.784966
10.952114 4.501509 -8.331679
16.846798 -10.666696 15.02106
29.283207 -4.6603794 -15.220324
19.90281 -15.44892 15.017512
-10.927955 0.54308474 26.055351
6.247469 13.912532 19.319279
2.146036 -5.631768 10.791157
-27.073881 7.8397603 11.939091
-2.2373147 20.349058 25.210567
6.743496 -16.52113 -0.668853
28.439379 -8.599791 -9.059937
11.581767 21.986269 -12.397666
11.8134 -8.961659 0.71360415
-0.658371 8.983436 -2.8878622
13.841479 3.220278 17.307049
10.453501 5.458033 -10.806163
27.383947 -9.471799 -7.335808
-9.324683 5.7652564 24.307869
1.3538649 -17.323385 10.020091
10.1178255 24.812632 6.162054
7.0375113 26.674255 3.7559936
1.7281337 -22.615059 10.733287
12.49707 18.736116 -13.044878
-4.121486 18.841862 -13.009856
2.0220559 -7.8023124 7.1839337
-8.532101 3.072539 -4.5574055
-4.846194 -1.4646393 -9.310118
2.9529572 -0.53919744 -10.243365
9.645277 2.7930636 15.043648
14.296632 -12.302329 13.917649
-4.4041743 9.765945 6.208409
-10.024682 0.1591653 -9.795276
-3.3460217 -0.34590665 -10.303021
2.6422622 -20.209229 13.87663
24.814445 -9.657082 -12.072698
11.228896 15.792413 -11.9802
-26.791433 2.759657 -7.9614844
-5.8919835 3.6556861 -5.274146
-9.53904 -24.227613 0.06710355
26.894375 -3.9293516 -8.036701
13.495288 23.166927 -9.461243
1.0965465 -15.882413 -18.552591
2.6996412 -23.482046 13.418826
-14.191269 5.6443624 -22.02831
5.6609087 -5.7540684 -22.599287
-11.775686 -5.1722836 -4.001529
1.9824395 14.8945265 16.661116
30.010391 -3.6861014 -6.3620095
9.504487 18.733717 -10.647709
3.4343197 -24.931238 10.494448
-6.015522 -1.2331948 27.65457
3.1323533 13.627842 17.602928
7.436116 -12.301549 -4.34332
-7.3740497 13.839447 7.3014607
-2.9046335 -2.2295463 -9.106922
-5.3659987 13.857523 8.287809
-8.998522 -32.42019 -1.5623525
13.12434 21.445557 -15.23956
2.630718 18.394602 17.197931
-2.421255 5.3145914 -20.071213
-13.870323 -5.7858763 7.1801896
3.6416805 22.530096 3.5384555
-3.4652333 -1.0946739 25.867249
-19.189482 9.957589 -7.609535
3.9840264 31.35004 3.9527924
25.71922 11.917236 -5.9683275
3.7332237 -16.756037 -17.177908
4.615926 -12.928472 -1.9486477
-13.337508 -14.612538 -19.995293
12.853078 4.674521 13.0493765
2.080504 -9.366207 -24.435787
-17.883207 8.342105 -5.1842356
-26.34276 -4.9772344 -5.391776
26.244982 -3.37237 -13.585949
15.3728895 -17.66569 10.408232
5.429044 -7.708627 -5.716827
-14.727714 5.5981135 -8.506701
11.983736 -12.89893 -7.434594
-2.5801802 -6.069198 -28.530382
4.994743 29.020878 -2.494511
22.371626 2.0036488 -13.546649
-25.757484 -1.9474326 -0.08406755
-0.10534685 -3.8351233 -8.4185505
-3.8187413 -2.3355842 -11.095718
15.051958 11.069209 -0.62122774
-14.242748 -11.083221 -18.411844
11.6182575 3.3731182 -1.7679621
29.700314 -5.9782224 -13.871543
-0.5478275 27.474663 1.6599826
-6.2398477 2.3802204 -12.989947
3.1745346 10.560659 -16.020279
23.636715 -4.8931794 -7.2448792
-18.58884 -15.071722 -10.7575
-12.58985 -0.41724944 -11.468208
-21.507692 -17.78232 2.9442708
-12.173171 1.7705804 -19.29714
-13.202881 18.84799 -6.085095
-3.156673 -32.024025 1.8413068
-9.071404 -12.168475 17.938282
17.278984 6.5873537 3.6103275
-4.583534 -27.448069 -1.6091493
-11.858549 -12.731649 16.5813
-18.976936 -17.183672 0.7442372
-10.232751 -1.8014829 -12.285063
11.608476 0.34400803 12.336952
-9.559123 1.8542137 32.010536
-6.508747 0.13596313 32.925804
-10.076551 0.5756158 33.000225
16.168924 12.681375 -0.9120337
7.2220197 26.068808 8.152223
-11.911226 -9.485224 -15.864903
-30.311571 -1.29876 -4.6693444
-15.147759 -14.064736 -17.056656
-0.4704491 -0.49075827 -7.01788
3.6233256 18.701204 3.6474736
-11.090521 -4.2582197 30.179688
15.990726 7.0937257 4.4710464
-2.8753133 7.8852415 8.658499
-2.8490832 2.1978157 2.8604596
10.422417 4.076684 21.207119
-3.8084025 14.572107 16.824646
12.981679 9.532081 3.9189794
-15.887222 5.9249005 -5.4601626
-3.2232237 -30.221598 -1.3536
-15.823956 3.060616 11.267454
13.579851 4.0130343 -1.8164998
-7.282811 9.60023 4.8979034
27.03796 2.9952905 -11.300404
-15.925063 5.628686 -9.526289
17.852571 -14.917305 12.071059
-6.3045225 -0.29290366 -16.860704
1.371877 -3.3259873 -8.7648945
21.578491 -11.10632 10.954482
-3.6598742 0.5833986 31.13166
-13.57938 -3.1297345 -8.190457
-0.5591881 -4.3960056 11.924603
-4.7290616 -14.406105 -0.6289107
17.950695 -14.168993 7.370976
3.1015704 -11.318094 -2.0493307
19.740988 -5.230686 -7.8837695
-0.39582542 -9.217551 -27.417234
-21.723095 5.7276764 17.90008
-11.754683 14.147227 -17.073141
-0.2126246 -29.561056 0.40780026
-8.088897 -2.7112973 33.324524
10.1030245 -0.3898564 16.163612
-9.631425 5.8598833 -12.156485
-5.4689636 18.05145 22.864595
6.3664837 1.7270529 14.791601
2.8315675 0.5608898 15.292148
-17.565557 8.407027 -10.594569
-1.9218531 17.239494 -12.092008
1.083596 -18.771557 -17.018806
-7.634301 -8.598699 16.591202
17.50535 12.4427805 6.189301
2.3238435 -4.1891475 -27.933355
-6.9400077 -6.522403 -0.86550266
-1.5675552 20.385302 22.517431
30.580412 13.536025 -6.280787
-10.387155 -12.120825 21.75096
-2.9863274 10.444959 -1.5911884
-28.486277 1.2863636 -5.5944653
0.99924815 7.975754 -8.985429
16.948204 14.147452 3.6657324
-5.6751046 2.767483 27.676895
7.4431834 5.1042037 17.949995
2.3960645 -21.403873 -11.27585
20.631905 -16.852457 16.459742
-9.165253 -7.321149 16.539553
-7.4301977 1.0167875 25.933233
-2.2541094 -7.126837 -24.399172
-22.011776 10.369342 15.207075
-7.5861397 -9.947046 -3.8805559
-16.512926 5.4470186 -19.38807
4.8714824 7.7162223 12.23357
21.776611 1.0526828 -14.520824
22.937723 -2.2922344 -13.182701
7.5657415 1.8198286 17.626831
-20.131847 9.271086 10.299279
14.310222 12.899005 5.506207
6.3403277 7.612047 11.86071
-25.408846 -5.5307736 -2.2151306
3.9254136 15.037498 16.494572
-11.396384 -29.111044 -3.546319
-13.557118 3.535007 -16.650618
-7.5179343 4.2666035 -6.905114
-0.32567438 -4.05954 8.326758
-28.531246 -3.183976 -2.0010872
-26.431293 3.4845898 -3.892797
7.23852 -2.8378367 -24.508696
0.17015979 9.81097 -1.9849136
4.2209673 -5.591528 -30.190346
0.9727104 26.098196 -2.0829537
-13.382669 -9.949121 -11.760149
5.732839 -0.06209682 11.654446
-10.687239 -5.2849236 -4.930749
10.226986 3.7916446 17.896347
4.193731 -15.270251 -16.914871
11.242029 -14.24736 15.304573
29.923132 11.7515335 -3.9368675
-11.617379 16.113094 -18.019957
9.89004 6.5499783 -7.038854
-18.13792 6.895194 -7.769888
7.1428003 -6.2669945 -26.667057
-29.532705 0.32885742 -1.3667446
-3.118648 -9.447573 -1.5160762
-14.92335 3.190981 -17.318947
32.64397 11.579159 -4.48144
1.251891 25.200243 4.3333335
-8.322601 -4.942672 -23.55392
12.637291 -11.05996 -6.239679
26.85493 -7.526468 -7.999268
-19.69934 6.4214215 17.307026
-2.0301664 -0.95568943 -26.984344
-1.2921875 6.160088 2.0863986
1.9657382 6.8253927 -18.839397
1.7984713 5.4622984 16.146114
13.760096 -8.378078 14.946084
-1.1747859 12.230922 -1.145353
-28.867737 -4.3041677 -3.0858676
-6.3988814 -29.1597 -8.286103
-6.4741917 3.214616 31.10316
-1.9437392 -4.6425138 -28.753632
6.700706 3.2425144 20.811266
-7.9978147 -32.947334 -0.5202226
-0.84370726 4.960191 -20.135094
28.02837 -0.03051808 -4.3756323
8.704714 -1.1147271 19.69257
12.812282 5.7601357 14.110447
5.1326013 -22.09491 11.72147
1.6231622 6.8720365 -22.611887
5.246777 28.64365 6.2480135
-11.133019 -3.5569608 31.716991
-25.196884 7.2828674 6.6609173
10.0084305 0.24464618 20.210855
18.710247 15.337833 3.4106138
16.274347 20.054472 -16.823183
-13.262019 -8.669263 -15.612328
-29.73891 1.5209132 -2.44943
-26.979364 8.701271 10.696905
8.596464 -9.607795 -6.8880386
15.301238 22.59301 -8.788931
12.405808 0.9117938 -9.828652
-21.125095 6.7927165 12.397227
-2.0512938 16.680265 25.353418
-4.469362 -32.764668 1.5620209
-23.489948 7.9601393 10.193257
-13.865224 15.906509 -16.04121
2.8365602 -18.829878 13.0655155
-6.9606514 -28.035852 3.690371
13.324028 -9.195658 16.654428
17.448376 -14.229515 18.251934
1.3597883 8.29869 -23.350733
-9.033754 2.7236748 28.574175
8.331999 0.07966609 21.18672
8.051465 5.546064 -3.2659655
-11.917523 -9.09437 14.752296
13.859535 5.861539 -4.7076974
-10.3485 -3.8542078 5.272305
-3.948759 -31.84482 -6.6707897
9.820142 19.5704 -14.898362
22.200573 -9.008374 -7.7868843
16.571188 16.413376 -16.255419
-8.478159 10.159347 -14.666605
-5.1113234 8.10364 -11.261191
23.51967 -5.4697957 -12.935772
-7.474346 6.2796493 9.549166
-11.737027 -5.6313705 7.3028226
1.3486524 28.169744 6.6524343
-1.4131366 -5.933836 12.705231
-8.756219 7.1374693 9.101983
-11.12361 1.0184296 -9.526852
-9.617719 -2.8841991 8.074362
-27.059282 2.2686827 12.347361
9.094776 -15.263573 -5.4481387
-6.3508744 -12.085335 15.280199
-6.213982 -29.918598 0.11066017
-0.09009168 -0.5051628 -13.84551
-17.16441 -12.4681835 -19.24514
13.600252 -0.38118008 -7.5476427
7.4006004 4.6928263 -4.4975314
10.538935 20.066566 -9.635052
-11.310913 -1.3251262 5.8944693
19.6115 -8.41916 8.856432
-26.944275 -0.27187148 -3.1414838
7.111344 21.385065 7.305834
15.41369 23.274424 -13.182234
-0.89557743 -4.058572 -12.153383
-2.4892223 12.535573 20.67644
-19.192492 5.941697 9.6798315
-19.535082 -14.497976 -17.433033
-2.9272027 -1.9571784 -26.117634
-4.1033196 6.102561 -10.859077
6.8672323 -1.9395064 15.126858
25.46792 -5.873841 -4.095861
-18.63081 -12.348732 1.6226282
2.1924653 -1.8671482 -30.803879
-2.2204626 -5.0661483 11.14881
26.12834 -0.90983385 -16.574556
-12.57912 3.3531263 -21.996605
1.0593908 11.714897 -22.425524
9.462203 27.996387 -0.15345868
30.127861 8.860047 -4.7017746
-6.0060573 -6.7825217 -2.1732802
-24.761862 5.960067 6.068055
2.7323081 22.807125 7.802152
12.092139 1.2613962 -6.942549
-23.05267 9.291871 13.644045
-4.851246 11.273118 10.711289
-12.16307 -10.88863 21.175985
-6.4393764 8.761565 12.163841
-23.911821 11.124919 14.290883
-17.739134 -14.590699 -0.7464304
18.837595 18.600523 -14.486619
-0.8124414 23.23993 1.7945677
7.757041 -13.730222 -1.66216
-16.064384 8.445601 14.077941
1.1119103 -4.512143 7.887764
-6.734973 4.54759 -16.423622
-1.6685303 -0.62090063 -13.625006
-16.255405 -9.709255 -13.615752
-10.192189 -29.437025 0.82357323
-29.237906 -0.7307047 -7.944252
-13.364076 4.885839 -19.511763
4.2675037 16.27557 19.708483
-15.019594 2.935967 -20.482672
-18.167648 8.389247 13.657418
-1.2859623 -14.800386 -17.248692
-10.323982 14.564142 -18.519173
-9.002402 -0.48019442 27.992321
2.5239816 6.518568 15.333444
-0.75758964 -18.191618 -17.313635
3.4211788 -8.932416 -28.569374
3.0650563 -7.587887 8.354542
-3.1738424 8.472099 10.520882
-22.560095 -1.3284649 -8.546859
-16.600306 4.1848335 15.125489
-24.547771 2.4950743 15.82523
17.779402 -9.24523 18.179243
29.491377 17.275993 -3.1388433
-6.3346653 -9.572468 -0.7303842
-2.9407737 8.034571 -22.67343
18.912632 8.935265 6.818021
7.284897 14.8606 20.06845
-24.073183 5.474655 12.709412
-9.671803 -9.059616 -1.2707961
27.629194 17.018137 -3.8171332
-18.414854 -9.642028 -16.91418
31.066605 -0.848911 -9.393863
2.7057102 28.66033 0.2083361
12.709289 -10.341592 -2.4853716
9.491834 7.5976686 -9.221795
12.818529 -13.133557 -0.6835376
14.775214 -17.554869 15.987097
-3.1103127 20.391998 21.799559
3.7831445 27.37527 3.287673
-10.745883 20.2996 -5.0720735
4.4716234 25.11969 5.457712
-8.854872 -1.8701441 24.557436
3.8218577 -3.3989296 -25.228971
12.114006 7.530004 17.432487
22.397884 -12.9555645 13.853033
12.75731 -13.117592 -5.3431134
-9.095269 -1.3404286 30.684914
-3.4971244 14.989314 15.297729
-14.280221 -11.3548765 18.293402
-27.459366 3.6108668 12.915207
-4.9513507 -32.7484 -5.9407597
3.41349 5.3047957 -18.598145
10.445826 8.115545 18.239376
-4.4988937 -33.601166 -2.235645
2.1751993 -0.8552507 -26.705866
-16.674744 -13.06309 -12.848825
-18.28717 -16.03854 -17.60707
23.9138 -6.6107745 -9.948416
-7.8274918 -28.588856 -8.2120285
0.66838837 -3.7819417 -12.34972
5.2448316 18.236212 23.122265
20.492294 -7.7217913 -11.675028
21.828798 -3.8208585 -10.136932
5.8762717 16.391647 22.993431
-9.665841 -11.382224 15.27058
10.29754 18.255762 -8.889498
